   2.0000000e+00  -6.3742821e-01  -3.8770980e-01  -5.3033131e-01  -7.8912863e-01  -1.0888035e+00   3.3726993e-01
   2.0000000e+00  -1.0508566e-01   1.5406805e+00   1.2027867e+00   1.1733810e+00  -3.0325924e-01   1.0776392e+00
   2.0000000e+00  -8.3025536e-01   1.3045544e+00  -1.1033431e+00   6.1394140e-02   1.7492874e-01  -1.4731397e+00
   1.0000000e+00   3.2150702e-01  -1.1545705e+00  -1.3657053e+00   5.9684358e-02  -3.4315889e-02   5.3442280e-01
   1.0000000e+00   8.5762361e-01   3.3645226e-01   5.0051524e-01  -3.7349798e-01  -4.7438114e-02  -1.6287755e+00
   2.0000000e+00  -4.3821669e-01   7.2428399e-01   2.3620507e+00  -5.3191272e-01   6.3146864e-02   2.1945905e-01
   2.0000000e+00  -4.7481541e-01   2.1554983e+00  -1.5331820e+00  -8.1167456e-01   8.9645266e-01  -6.0335504e-01
   1.0000000e+00   9.5253393e-01   6.5420685e-01   9.2263981e-01  -2.9863598e-01  -1.4335909e+00  -1.2725416e+00
   2.0000000e+00   2.4281168e-01   2.6750377e-01   1.8698239e+00  -9.7908443e-01  -7.7015519e-01  -2.1262524e+00
   2.0000000e+00  -7.9590146e-01   5.9424699e-01  -1.3004446e+00   1.4731064e+00   1.0177779e+00   4.4837181e-01
   2.0000000e+00   1.4222393e+00  -5.0116065e-01   3.2262818e-01   5.6872364e-01  -5.5001364e-01   1.1224313e+00
   1.0000000e+00   7.4886698e-01  -6.6560443e-01   1.5871054e+00  -5.6581290e-01  -3.9504635e-01   7.6002486e-01
   2.0000000e+00  -2.3527166e-01   8.9897507e-02  -7.0772900e-01   2.6028917e-02   2.4121410e-01   1.8334801e+00
   2.0000000e+00  -1.7167766e+00   7.2312876e-02  -6.9815689e-01  -1.6373195e-01  -1.2603761e+00   1.5510841e-01
   2.0000000e+00  -8.7800472e-01  -3.7826314e-01   5.0657453e-01  -2.0972826e-01  -1.3468610e+00   1.0338696e+00
   2.0000000e+00  -1.6966585e+00  -1.0542256e+00  -1.3960614e+00   5.4093631e-01  -6.0939495e-01  -7.6229519e-01
   2.0000000e+00   1.1200489e+00   1.3258588e+00  -1.8867684e-01   7.3978954e-01   7.0213265e-01   1.2843124e+00
   2.0000000e+00  -1.2058742e-01  -4.9192192e-01   6.6633716e-01  -2.4796288e-02   2.3282332e+00  -6.0481260e-02
   2.0000000e+00  -7.0921546e-01  -2.3711468e+00   6.8602477e-01  -7.7866725e-01   4.7341321e-01   8.7326596e-01
   2.0000000e+00  -8.4578117e-02  -2.8745861e+00  -1.3480020e+00   1.7092617e+00  -1.3529777e+00  -4.1885413e-01
   2.0000000e+00  -7.1156494e-01  -8.5291544e-01   1.9181164e-01   6.9009467e-01   6.4431060e-01   1.4997061e-01
   1.0000000e+00   6.5151534e-01  -3.3370859e-01  -1.5793656e+00   1.0059124e-01   3.4687837e-01  -4.2591580e-01
   1.0000000e+00   8.5591236e-01   8.9195733e-02  -9.2182439e-01  -9.6420974e-02   2.9897506e-01  -1.0579096e+00
   2.0000000e+00  -7.5964452e-01  -2.7440920e-01  -9.0780689e-01  -9.4405825e-01  -4.2612736e-01   2.8123606e-01
   2.0000000e+00  -2.7260007e-01   4.9424560e-01   4.0591781e-01  -9.0778443e-02  -2.4772036e-01  -1.3308604e-01
   2.0000000e+00  -5.2614286e-01   7.0983775e-01   4.3317525e-01   1.3322365e+00  -9.7194763e-01   5.0600067e-01
   2.0000000e+00   2.7451312e+00   8.3871251e-01  -8.3374079e-01  -9.8204619e-01  -5.7776371e-01   5.5265830e-01
   1.0000000e+00   1.2587380e-01  -1.2726965e+00  -1.1449136e-01   7.9759650e-01   1.2184026e+00  -4.0283747e-01
   2.0000000e+00  -5.6269658e-01  -8.5430410e-01  -5.9859950e-01   1.0345235e+00   6.0927323e-01   1.3235273e+00
   1.0000000e+00   6.2945258e-01  -5.8790719e-01  -8.9771525e-02  -6.5943144e-01  -3.1630453e-01  -9.8350529e-01
   1.0000000e+00   1.5274877e-01  -3.3346272e-01  -7.1457544e-01   8.2746609e-01   2.9014525e-01   6.8962667e-01
   2.0000000e+00   1.3903931e+00  -1.6247011e+00   7.5916031e-01   8.1825192e-02   1.4862617e-01  -3.1793199e-01
   2.0000000e+00  -6.5522338e-02   1.9233853e+00   6.0716235e-01   5.1106770e-01  -6.2049104e-01  -4.1521176e-01
   2.0000000e+00   2.3906105e+00  -1.9647064e+00  -1.2921471e+00   3.6511671e-02  -1.6227851e-01   6.4185923e-01
   2.0000000e+00  -1.0974189e-01  -1.4602611e-01   9.8875547e-01  -3.1661889e-01   4.7522050e-01  -6.0866523e-02
   2.0000000e+00  -5.8390856e-01  -1.4714189e+00  -1.8013767e-01  -5.6903696e-01   1.3201118e+00   1.3545556e+00
   2.0000000e+00  -1.0190822e+00  -7.9599889e-01   1.8534626e-01   2.9890965e-01  -1.2590823e+00   1.0688045e+00
   2.0000000e+00  -1.7217090e+00   1.9082725e+00   4.6236790e-01  -1.1431745e+00   4.0958341e-01  -1.9005711e-01
   1.0000000e+00   1.7271736e-01  -1.5697906e+00   7.2391067e-01   1.9710739e-01   1.0250082e+00  -7.2508725e-01
   2.0000000e+00  -7.4421151e-01  -3.0989272e-01   1.9133039e-02   1.2434901e+00   3.2443586e-01  -1.2137361e-01
   1.0000000e+00   2.2597657e-01  -9.8410583e-01  -2.8546790e+00  -3.5745692e-01  -3.3819220e-01   7.7729291e-01
   2.0000000e+00  -9.1282835e-01   1.9925530e-01  -5.6569114e-01  -5.2094932e-01  -4.8749586e-02   1.1751227e+00
   2.0000000e+00   1.4725225e-02  -3.5438143e-03   2.7579221e-01   1.4154964e+00   2.2272979e+00   1.1856181e+00
   2.0000000e+00  -6.0252183e-01   2.2414126e-01   1.3205005e+00   1.4731391e+00  -4.5695106e-01   6.5955817e-01
   2.0000000e+00  -1.3170405e-01  -2.3169889e-01  -9.9262472e-01   5.0831432e-01  -1.0131483e+00  -7.0482868e-01
   1.0000000e+00   1.3294989e-02  -1.2062246e-01   1.4987060e+00   1.5994994e-01   1.4230499e+00  -4.7143017e-01
   2.0000000e+00  -1.5750247e-01   1.2573183e+00   1.6153799e-01  -1.8312564e+00  -2.0598360e+00  -1.6600735e+00
   2.0000000e+00   1.1719618e+00  -9.3943122e-01   2.8754716e-02   9.2013898e-01   3.0763884e-01  -3.8514099e-01
   1.0000000e+00   3.5168569e-01  -2.1425731e+00   4.8040548e-01   6.7157558e-01   2.1866981e-01   1.6890940e+00
   2.0000000e+00  -5.5806518e-01  -8.5814617e-01  -2.2805972e+00   5.3325205e-01  -3.5537700e-01   8.6804899e-01
   2.0000000e+00  -1.7933002e+00   1.0376523e+00   4.4105491e-01  -7.1521834e-01  -1.4930324e+00  -1.8516761e-01
   2.0000000e+00  -8.3508427e-01  -7.4513876e-01  -1.0139514e+00  -1.5373616e-01   1.9432528e+00  -6.1899872e-01
   2.0000000e+00  -1.9765517e+00  -9.6203058e-01  -4.3839850e-01  -3.6262577e-01   9.7871607e-01   9.2787083e-01
   2.0000000e+00  -1.8733957e-01  -4.4983641e-01   1.2894660e+00   1.7711063e+00  -8.0052174e-01   6.0975829e-01
   1.0000000e+00   1.6885477e-01  -1.6744544e+00  -1.2885406e+00   3.1980662e-01  -4.3301693e-02   1.9215100e+00
   1.0000000e+00   6.7484585e-01   1.4457349e+00   6.3199258e-01   6.1748364e-02  -1.8272557e-01   4.4516173e-01
   2.0000000e+00   3.2985310e+00   1.7570292e+00  -5.5927519e-01  -3.3641547e-01   7.7114566e-01   3.0754741e-01
   1.0000000e+00   7.7874598e-02   5.2752906e-01  -1.7231119e+00   8.3516323e-01   9.5060477e-02   1.0132097e+00
   2.0000000e+00   9.3279781e-02  -1.2705149e-01  -1.0431364e+00   6.9005084e-01   2.7457391e+00  -5.3152281e-03
   2.0000000e+00  -2.1952591e-01  -2.7677942e-02  -9.6665923e-01  -4.3952819e-01  -1.2206395e+00   9.0526122e-01
   1.0000000e+00   6.7771308e-01   2.9373025e-01  -4.0703066e-01   3.5003753e-01  -1.3468728e+00   3.3019214e-01
   2.0000000e+00   1.2692703e+00   1.3853634e+00   1.1009367e-01  -1.0656936e+00   7.2739798e-02  -8.1462235e-01
   2.0000000e+00   3.9233562e-01  -7.1443520e-01  -4.2534506e-01   1.9277400e+00  -2.9346313e-01  -8.6141049e-01
   2.0000000e+00  -6.3743684e-01   7.9274749e-03  -1.7144953e-01   1.9524258e-01  -1.0663698e+00   4.6950119e-01
   2.0000000e+00   1.1393267e+00   8.4120007e-01  -5.0042185e-01   8.9517823e-01  -1.4260474e+00  -8.8107531e-02
   2.0000000e+00  -3.9076177e-01  -2.7973608e-01  -7.1705223e-01   4.7812548e-01  -6.9739149e-01  -1.0347115e+00
   2.0000000e+00  -2.6354829e+00   2.1480273e+00  -1.6629883e+00  -1.3780215e+00  -6.4985825e-01  -9.1007087e-02
   2.0000000e+00   7.7126999e-01   7.3158840e-01   1.2748649e-01  -1.1569523e+00  -1.2617678e-01   3.0642191e-01
   2.0000000e+00  -2.6073461e-02   1.4905865e-01   1.4756925e+00  -2.4922910e-02  -1.9666141e-01  -9.1128309e-01
   2.0000000e+00   1.1959049e+00   5.6524385e-01  -1.2844247e-01   9.7700177e-01   2.1117636e-01  -6.1283953e-01
   2.0000000e+00  -1.4297893e+00   8.5499423e-01  -1.0227588e+00  -2.0910428e-01   1.5070158e-01  -8.6490550e-01
   2.0000000e+00  -1.0758958e+00  -1.4577911e+00   4.6113557e-01   1.6830010e+00   4.2468838e-01  -9.3448466e-02
   2.0000000e+00  -6.4317407e-01  -5.2699633e-01   2.2337348e+00  -8.3056241e-01  -2.2805587e-01   2.1186710e+00
   2.0000000e+00   1.1408843e+00   7.1335159e-01   2.7953417e-01   2.0735002e+00  -1.0034126e+00   1.7801375e+00
   2.0000000e+00  -5.2119076e-01   4.3264481e-01   5.5308948e-02   4.0483913e-01  -5.8504799e-01  -3.5377208e-01
   1.0000000e+00   4.6721696e-01   5.8767270e-01   4.1553028e-01  -5.6838307e-02  -9.4529344e-01   2.6003286e+00
   2.0000000e+00  -1.4539193e+00  -5.2642381e-01  -1.9460967e+00   5.1924013e-01  -2.8378018e-01  -2.2653478e-01
   2.0000000e+00  -2.1704528e-01  -1.5612602e+00   1.0053670e+00   7.4967662e-01  -1.8123903e+00  -6.6433389e-01
   2.0000000e+00  -3.5481748e-01  -7.5455949e-01   1.0358965e-01   5.7536714e-02   2.6443778e-01   9.7243375e-01
   2.0000000e+00   1.0144099e-01   5.8647139e-01  -1.1659210e+00   1.1786975e+00  -1.0492027e+00   4.9696869e-01
   2.0000000e+00   8.1551890e-01   3.1085811e-01   1.0724069e+00   6.0699234e-01  -1.4841813e+00   1.1864760e+00
   2.0000000e+00  -5.6240199e-01   1.4845562e+00  -5.3401818e-01  -1.1371822e+00   1.0182823e-01  -1.0749336e+00
   2.0000000e+00   1.1137923e+00  -2.2525499e+00  -6.9932687e-01  -2.8774958e-01  -1.2785784e+00  -5.5319868e-01
   1.0000000e+00   8.0561232e-01   1.8249393e+00   1.4873749e-01   1.3366371e-01  -1.5428622e+00   1.5319720e+00
   1.0000000e+00   9.2584059e-02  -2.9452767e-01   4.3620508e-01   2.6134786e-01  -8.8316882e-01   1.4295385e+00
   2.0000000e+00  -3.5903099e-01   5.3398924e-01  -1.0563627e+00  -4.4458338e-02  -1.0339125e+00   4.1645576e-01
   2.0000000e+00  -9.1769635e-01   9.6508912e-01   7.8789034e-01   4.6827394e-01  -7.5373575e-01   9.3247846e-02
   2.0000000e+00  -5.8443490e-01   4.3544101e-01   1.8107109e-01   9.3095676e-01   4.9569815e-01   1.9166922e+00
   2.0000000e+00  -3.4413700e-01   7.8806084e-01   2.0221309e-01  -1.8880772e+00   2.8283995e+00  -1.6474906e+00
   1.0000000e+00   6.7037584e-01   1.9874211e-01  -2.6051340e-01  -9.8310369e-02   5.5907532e-01  -6.3094402e-01
   2.0000000e+00   1.9640279e+00  -9.3729236e-01   3.0078292e-01   1.2911501e+00   8.4739688e-01  -1.1063038e+00
   2.0000000e+00   1.8167080e-02  -2.1836614e-01  -2.0923132e+00   4.0251595e-02   2.3570010e+00   8.8272094e-01
   1.0000000e+00   8.0454431e-01   6.5603050e-02   1.1779484e-01   4.4453763e-01   9.6304458e-01   9.5356581e-01
   2.0000000e+00   6.7456733e-01  -3.5071617e-01   9.5546598e-01  -1.3361845e+00   1.1863689e+00   2.5509592e-02
   2.0000000e+00  -1.8085421e+00  -6.3896090e-01   4.3717618e-01  -8.5848334e-01   5.9042350e-01   5.6904276e-01
   2.0000000e+00  -2.8507261e-01  -1.7092500e+00  -1.7121186e+00   7.6752867e-01  -1.4435038e+00  -2.1616148e-01
   2.0000000e+00   7.8322099e-01   3.0540676e+00   6.7164297e-01  -1.9348875e+00  -3.3472959e+00  -1.4220038e+00
   2.0000000e+00   7.2017925e-01   1.3630238e-01   7.4925869e-01  -9.4842540e-01   8.1022510e-01  -6.9700319e-01
   2.0000000e+00   2.6738625e-02  -9.4379853e-02   1.8553328e+00  -2.0764265e+00  -4.9794692e-01  -1.0290853e+00
   2.0000000e+00   1.0893948e+00   1.7879964e+00   7.9842169e-01  -9.5249588e-01  -9.2361291e-01  -1.8385316e+00
   2.0000000e+00  -1.5594343e+00  -5.9458737e-02  -8.4522005e-01   5.7870945e-01  -9.7583663e-01   1.7200996e-02
   1.0000000e+00   2.4936936e-01  -6.1524252e-01  -1.4817171e+00   1.7410331e-01  -4.1377486e-01  -3.1853419e-01
   2.0000000e+00   1.4841843e+00  -4.2229411e-01  -4.7247365e-01   8.1504037e-01   1.3136511e+00   7.1884247e-01
   2.0000000e+00   2.2713920e+00   9.3222615e-01  -1.2494644e+00   1.8329195e-01  -3.1447466e-01  -1.2878671e+00
   2.0000000e+00  -1.1768796e+00   2.1092051e+00  -9.2285083e-02   6.6834969e-01   1.1318925e+00   1.0611465e+00
   2.0000000e+00   1.3368149e+00   1.8895170e+00  -3.3521821e-01  -2.6627107e+00  -1.5203794e+00   2.3663850e-01
   2.0000000e+00   8.3856087e-01   1.6534803e+00  -1.2857234e-01   1.8221024e+00   1.0565114e+00   5.2659791e-01
   2.0000000e+00   1.6677413e+00   1.5805942e+00  -2.8001849e+00   1.0455572e+00   5.9140702e-02   1.6999054e+00
   2.0000000e+00  -6.6112124e-01   3.6542278e-01   1.4506831e+00  -1.8772847e+00   1.4220732e+00  -4.1457159e-01
   1.0000000e+00   6.3596691e-01   3.4952588e-01   4.3302008e-01  -1.5351673e-01  -9.9669021e-01  -9.5473282e-01
   2.0000000e+00   1.7462928e+00  -5.0446518e-01  -5.4917827e-01  -3.9021831e-01  -5.8139938e-01  -1.3279068e+00
   2.0000000e+00   5.5185042e-02  -2.1330979e-01  -1.6923976e+00  -1.7471516e+00   1.3902919e+00   1.6976002e+00
   2.0000000e+00  -1.1607568e+00   1.5674202e-02   5.9385620e-01   6.4557083e-01  -2.3449604e-03  -8.9029637e-02
   2.0000000e+00   7.4644675e-01  -3.6135521e-01  -6.9596606e-01  -2.2003848e+00  -4.4633968e-01   7.6002074e-01
   2.0000000e+00  -1.5119585e-01  -6.8685765e-01  -1.4936372e+00  -5.9130596e-01   5.9108511e-01   1.6654733e+00
   2.0000000e+00  -1.0486256e+00  -1.3617887e+00   1.3711785e+00  -1.2935858e-01   7.2113576e-02   8.3901715e-01
   2.0000000e+00   1.1548114e+00   1.2221752e-02  -9.5884009e-01  -1.5472335e+00   1.1874316e+00  -6.3614763e-01
   2.0000000e+00  -2.6753808e-01  -3.2615721e-01   8.8832707e-01   1.0666139e-01   5.7719685e-01   8.4841513e-01
   2.0000000e+00   1.8561608e+00  -1.2399068e+00  -3.7212277e-01   2.3586993e-01   9.9338181e-01  -1.6259479e+00
   1.0000000e+00   2.3556555e-01  -1.6359029e-01   1.8080735e+00  -1.1013087e-01   2.4716809e-01  -1.1863105e-01
   2.0000000e+00  -2.0679270e-01  -1.3414821e+00   6.1265767e-02   1.0399710e-01   8.5802741e-01   1.4648469e+00
   2.0000000e+00  -2.1035846e-01   8.8178692e-01  -3.6853348e-01   4.0999385e-01   4.2155331e-01   1.1373315e-01
   2.0000000e+00   3.6421881e-01   1.4159990e-01  -2.1619171e+00   2.8009042e-01   2.3613918e+00  -2.3674156e+00
   2.0000000e+00   1.6308983e+00  -6.0160129e-01  -4.5269088e-01  -2.9313891e-01   3.9093315e-01  -4.1597999e-01
   2.0000000e+00  -1.4309048e+00   4.6899831e-01  -1.5750891e-01  -1.1775032e+00   2.2511146e+00  -6.6146990e-01
   2.0000000e+00  -4.6371941e-01  -2.7881244e-01   1.0372488e-01  -9.8313659e-01  -5.5366837e-01  -1.8434312e-01
   2.0000000e+00  -1.3936925e-01   2.2189623e+00   9.8027041e-01   1.3375920e+00   1.0574259e+00  -1.1382530e+00
   2.0000000e+00   9.1108513e-01   1.0411982e+00  -6.1624606e-01  -5.0246555e-01   4.3922930e-01   9.9259970e-01
   2.0000000e+00   8.1967810e-01   3.0046440e-01  -6.4492228e-01  -9.8408551e-01   6.8709937e-01   1.6301444e+00
   1.0000000e+00   2.9047731e-01   1.0128182e+00   5.2633383e-02  -3.2572782e-01  -1.0573428e+00   2.5911562e+00
   2.0000000e+00   1.4170817e+00   2.5737228e-01   7.9884403e-03  -1.2391335e+00  -1.4585652e+00  -6.7267729e-01
   2.0000000e+00   4.9154282e-01   3.1608863e-02  -1.0851011e-01   1.6980963e+00  -8.5004519e-01   3.0074198e+00
   1.0000000e+00   6.9943493e-01   5.7117341e-02  -3.8731003e+00   6.3039049e-01   1.1961731e+00  -1.8763536e+00
   2.0000000e+00  -2.5138167e+00   1.0858597e+00   1.9101770e+00   2.7279491e-01   5.9266231e-01   1.8245703e-01
   2.0000000e+00  -1.8813664e-01  -1.4809878e+00   3.9593307e-01  -4.3369741e-01  -1.8136681e-01  -7.1465637e-02
   2.0000000e+00  -1.2096498e+00  -3.5374726e-02   1.2894773e+00  -5.8911773e-01   3.1911932e-01  -4.5412927e-01
   2.0000000e+00  -2.0766680e+00  -3.3145982e-01   4.7039708e-01  -5.1125856e-01  -2.5368873e-01   4.4989562e-01
   1.0000000e+00   1.9311722e-01   9.0183068e-01   1.6890348e+00   3.3161007e-01  -7.5886982e-01  -7.6890350e-02
   2.0000000e+00   4.5484570e-01   4.3820210e-01  -1.9096046e+00  -7.8240519e-01  -2.4256543e+00   8.8515298e-01
   1.0000000e+00   2.9118830e-01  -1.9078517e+00   1.9369573e+00  -2.9713969e-01   1.7876257e+00  -1.6242722e-01
   2.0000000e+00   6.9071371e-01  -7.9201243e-01  -8.5595842e-01  -1.7227450e+00  -1.4098902e+00  -1.0435183e-01
   2.0000000e+00  -6.6281041e-01  -9.1653581e-01  -1.6045456e+00   1.5903818e-01  -2.2338199e-01  -6.4545129e-01
   2.0000000e+00  -2.5654157e-01  -6.0622281e-01   6.0992561e-01   7.1011643e-01  -1.4962807e+00  -5.5037666e-01
   2.0000000e+00  -1.9805368e+00  -1.1449767e+00   3.5475783e-01   1.2848807e-01   9.8807342e-01  -2.5787638e+00
   1.0000000e+00   5.0751317e-01   4.5291136e-01   3.9698555e-01  -4.4199632e-01   9.1452675e-01   5.9501955e-01
   2.0000000e+00  -1.0117924e+00  -1.1028964e+00   2.1259740e+00  -2.1413791e-01   1.8307778e+00   6.9032162e-01
   2.0000000e+00  -2.8284033e-01   6.9449052e-01  -1.5660991e+00   6.9966500e-01  -1.6656869e-01  -7.4053099e-01
   2.0000000e+00   2.0708518e+00   8.3330077e-01   6.0122700e-01  -1.3441545e-01  -1.3178258e+00  -5.2353479e-01
   2.0000000e+00  -1.9408310e+00   5.9036980e-01   5.5577285e-01  -1.9057267e-01   4.1070608e-01   2.2479375e-01
   2.0000000e+00   1.1502026e+00  -8.0842101e-01   1.5308308e+00  -5.0564578e-01   1.7171769e+00   1.4383374e+00
   2.0000000e+00  -1.1925585e+00   6.6776486e-01   1.5946158e+00   1.0043065e+00   2.2831366e+00  -9.9476990e-02
   2.0000000e+00  -1.2980725e+00  -2.1393827e+00   4.5628617e-01  -5.6750360e-01   3.9085592e-01   7.2549308e-01
   2.0000000e+00   1.0551766e+00  -6.5103980e-02  -8.8497729e-01  -4.1882234e-01   8.9758502e-01  -1.4239956e-01
   2.0000000e+00  -2.2088991e+00   1.7165906e+00  -7.3709371e-01  -8.4128149e-01   1.6966596e+00  -6.9028909e-01
   2.0000000e+00  -1.0450217e+00  -5.5718880e-01  -3.7778610e-01   1.9254396e+00  -1.0347600e+00  -1.3103807e+00
   2.0000000e+00  -1.4054911e+00   9.4531564e-01   5.2675869e-01   6.4706943e-01   1.8799001e-01   7.5492860e-01
   1.0000000e+00   1.7076478e-01  -7.4628164e-01   4.1872814e-01   6.5255039e-01  -1.2026102e+00   5.3809735e-01
   2.0000000e+00  -3.6801924e-01   8.5204614e-01  -1.1114099e+00   9.3012266e-01   6.7515282e-01  -6.6884777e-01
   2.0000000e+00  -1.1691004e+00   2.2214792e-01   1.9556576e-01   2.6509960e+00   2.3497374e+00  -5.9367205e-01
   2.0000000e+00  -3.6946387e-01   7.7440962e-01  -2.1924527e+00   1.6217722e-01   1.4159335e-01   4.8489248e-01
   2.0000000e+00  -9.8435350e-01   2.4029383e-01   3.7952760e-01   1.1410789e-01   2.0837019e-01   3.2087738e-01
   1.0000000e+00   9.0095484e-01  -9.3610972e-01  -5.0711224e-01  -3.4374207e-01   3.4827398e-01  -3.3035019e-01
   1.0000000e+00   2.7015332e-01   6.6796408e-02   1.0831626e+00  -2.2391355e-01   1.4600989e+00  -2.6546209e+00
   2.0000000e+00  -7.4818455e-01   5.5186927e-01   4.3387768e-01   2.7929924e-01  -7.6263815e-01  -2.1313023e-01
   2.0000000e+00  -8.9774396e-01   2.8423045e+00  -1.2181158e+00   1.1915517e-01   1.4552169e+00  -2.0715295e+00
   2.0000000e+00   1.0878533e+00  -2.6763143e-01   1.3285720e-01  -3.7901968e+00   1.5333974e+00   7.7705548e-01
   2.0000000e+00  -8.1396271e-01  -8.2118852e-01  -5.3950797e-01  -3.5018791e-02   9.7014659e-01   3.0010680e-01
   1.0000000e+00   8.2165043e-01   1.8983484e+00   3.6739407e-01   4.9363126e-01  -1.9274104e-01  -3.1057633e+00
   2.0000000e+00   9.9917414e-01  -1.9917332e-01   4.9753945e-01  -9.9253022e-02   2.3140441e+00  -2.4498989e-01
   2.0000000e+00  -1.9787739e+00   1.6599657e+00  -1.4008042e+00   1.3229859e+00   1.1071894e+00  -3.3191102e-01
   2.0000000e+00   4.9862348e-01   9.3559397e-02   6.8934542e-01   1.5011629e+00   5.3215489e-01  -7.9831438e-01
   1.0000000e+00   4.5784946e-01  -4.8860691e-01  -1.1975236e+00   1.0125184e-01  -1.4044871e+00   8.3269810e-01
   2.0000000e+00  -1.5210571e+00  -2.7103938e-01   2.0470363e+00   2.3525452e-01   1.0512615e+00  -2.1201489e-01
   2.0000000e+00  -7.0331786e-01  -1.0358550e+00  -5.2494324e-02  -4.9109037e-01  -8.9479275e-01   7.0358301e-01
   2.0000000e+00  -2.3599764e-01  -4.6252935e-01   1.4577014e+00   4.7765394e-01   6.9390434e-01  -4.2237048e-02
   2.0000000e+00  -1.0732187e+00   1.0396176e+00   7.3756921e-01  -9.1282219e-01  -1.8254525e-01  -2.3324869e+00
   2.0000000e+00  -9.3145394e-01  -4.8590448e-01   2.2907968e-01  -1.3130633e+00  -2.2664574e+00   1.8523843e+00
   1.0000000e+00   6.4921073e-01  -4.0312740e-01   5.5384133e-01  -1.7074791e-01   5.7660253e-01  -2.1014613e+00
   2.0000000e+00  -5.6457576e-01  -7.0844852e-01  -3.9643140e-01   1.9453355e+00   1.5371944e+00   2.2425026e-01
   1.0000000e+00   9.8451123e-02  -1.5748724e+00   1.4207169e+00  -3.8742101e-01  -6.1712004e-01   1.0156105e+00
   1.0000000e+00   6.2579542e-01  -1.3654602e+00   3.6752748e-01  -5.3725050e-01   1.8267221e+00   6.3477786e-01
   2.0000000e+00   4.1637108e-01  -1.0771232e+00  -1.0976848e-02  -1.4305407e+00  -4.7174253e-01  -5.6354635e-01
   2.0000000e+00  -3.1522315e-01  -1.6611126e-01  -1.0289348e+00  -6.9347016e-01  -9.8788101e-02   3.1111431e-01
   2.0000000e+00  -8.5723338e-01   2.3668004e+00  -9.5633526e-01   4.9279658e-01   2.6017897e-01   8.4052504e-01
   2.0000000e+00  -9.8247345e-01   7.7380895e-01  -4.8118070e-01  -1.3758484e-01   1.0548683e+00  -1.4538653e+00
   2.0000000e+00  -1.1479255e+00   1.1739849e+00  -1.2531098e+00  -5.7444033e-01  -1.0339831e+00  -1.6647753e+00
   2.0000000e+00  -2.0953344e-01   5.2592089e-01  -6.3398961e-01  -1.3535460e-02  -1.4631769e-01   9.2979909e-01
   1.0000000e+00   3.2559545e-01  -8.8163800e-01   7.4705184e-01  -2.0268165e-01   1.3817791e-01  -5.2626244e-01
   2.0000000e+00  -2.0263489e+00   1.5929143e+00  -1.7775297e+00  -1.6267141e+00   9.6421627e-01  -1.4573867e+00
   1.0000000e+00   1.7036959e-02   1.1403884e+00  -6.2403557e-01   5.3718584e-01   1.0083820e+00   3.5143624e-01
   2.0000000e+00  -1.8725875e-01   8.7155218e-01  -1.4817051e+00  -4.8123165e-01   1.1082521e+00   3.1990375e-01
   2.0000000e+00  -1.4325667e+00  -1.9879443e+00  -1.9619021e-01  -4.7274086e-01   6.3871155e-01   8.0171213e-01
   2.0000000e+00  -5.9881028e-01  -9.9224879e-01  -3.1463886e-01   1.4979645e+00   2.4735418e-01   1.0217750e+00
   2.0000000e+00  -1.1630363e+00  -4.5305674e-01  -1.3293799e+00  -5.3672477e-01  -2.9969712e-01  -1.6077658e+00
   2.0000000e+00   2.0258270e+00   2.3910908e+00   2.8474305e+00  -4.7683624e-01   9.8704555e-01   6.1311126e-01
   2.0000000e+00   1.5290801e+00  -4.2487640e-01  -1.3733903e+00  -1.0347344e+00  -2.6761428e-01  -2.3569580e+00
   2.0000000e+00   1.8410800e-01   6.2022740e-02  -1.8274380e+00   1.4828306e+00   4.9720668e-01   2.4488289e-01
   2.0000000e+00  -1.8155283e-01  -1.5135665e+00   1.0217159e-01   1.2093689e+00  -5.5248417e-01   1.3907027e+00
   2.0000000e+00  -8.9253077e-01   9.9615015e-01  -1.3800100e+00  -2.2682495e-01   9.0802517e-01  -8.0862071e-01
   2.0000000e+00  -3.5233721e-01  -7.0344242e-01  -2.1602779e-05  -1.0590596e+00  -3.3958012e-01   2.2244098e-01
   2.0000000e+00  -2.3294331e-02  -8.0595502e-01   5.2702640e-01  -1.3236970e+00   3.2046286e-01  -1.3875428e+00
   2.0000000e+00  -6.6346892e-01  -1.6272081e+00  -8.0989053e-01  -1.1339452e+00  -4.8465009e-01  -5.2944093e-01
   2.0000000e+00  -1.4786221e+00   4.8087939e-01  -2.3066399e+00  -1.6391602e+00   8.2656628e-01  -1.6276676e+00
   2.0000000e+00  -7.9878314e-01  -6.3689181e-02  -5.9216657e-01   1.4074634e+00   8.4338994e-01  -9.6778302e-01
   2.0000000e+00   9.7686291e-01   9.6491057e-01  -3.9610203e-01  -1.2703382e+00   2.3259561e-01  -8.5328363e-01
   2.0000000e+00  -1.0779934e+00  -5.9431697e-01  -4.6190654e-01  -1.0320210e+00   2.7576958e-02   1.7234055e+00
   2.0000000e+00  -1.2679970e-02  -2.0733100e-01   6.7630189e-01  -6.0316326e-01   6.4897529e-02   3.2528887e-01
   2.0000000e+00   1.4063708e+00   1.4621181e-01   1.8955956e-01   8.6125690e-01   6.3763637e-01   3.8210355e-01
   2.0000000e+00   1.3970810e+00   1.9011045e-01   5.6035259e-01   3.6381729e-01   9.7677300e-01  -5.2748068e-02
   2.0000000e+00   5.3554849e-01  -7.7453730e-02  -5.4191250e-02   1.2478080e+00  -7.4722060e-01  -9.0832239e-01
   1.0000000e+00   3.0946422e-01  -7.1366709e-01  -4.4953705e-01   4.8404924e-01   9.7331545e-01   7.7551280e-02
   2.0000000e+00  -1.3139156e+00   2.2728496e+00   5.9516428e-01  -9.5224393e-01  -2.1992860e-01  -2.5600266e-01
   2.0000000e+00  -1.2608204e+00  -4.8234749e-01  -5.6368185e-01   1.0875480e+00  -6.6532937e-01  -5.9608668e-01
   1.0000000e+00   5.7160157e-01   1.5109751e+00  -8.4635203e-01  -2.4776639e-01  -7.7171875e-01   2.5852784e+00
   2.0000000e+00  -6.0312862e-01  -3.2105240e-01   2.5520786e+00   5.2158879e-01  -1.9349134e+00   5.4144036e-01
   2.0000000e+00  -1.1734881e+00   1.5987088e+00  -1.0060298e+00  -5.9627940e-01   7.4489089e-01  -5.7140214e-01
   2.0000000e+00   1.0991697e+00   6.4323881e-01  -6.2247489e-01  -4.4970503e-01  -1.3740129e+00   5.0952828e-01
   2.0000000e+00   1.8212832e+00  -1.1311409e-01  -1.2661432e+00   1.0423437e+00  -1.0595013e+00   1.8694685e-02
   2.0000000e+00  -8.2797924e-01   4.4891481e-01  -1.4735980e+00   5.8353186e-01   2.7111253e-01  -1.9237930e-01
   2.0000000e+00  -8.3405436e-01   9.0687696e-02  -9.1324029e-01   8.6168507e-01  -1.1171942e+00   5.8317124e-01
   2.0000000e+00   5.0548439e-02   5.4054026e-01  -6.2847420e-01   1.0680688e+00   5.2418414e-01   6.2266381e-01
   2.0000000e+00   1.4461664e+00  -6.0401012e-01  -7.4447964e-01   5.0882935e-01  -7.7685333e-03   6.3813492e-01
   2.0000000e+00   4.0717396e-01  -5.9123480e-01   1.9466286e+00  -1.5818586e+00   1.2629927e+00   2.0213786e-01
   2.0000000e+00  -1.4721360e+00  -9.3610398e-01  -2.1873075e+00  -2.0624051e+00   3.8158246e-01  -1.5527946e-01
   2.0000000e+00   9.9899791e-01  -3.5806665e-01  -9.4283643e-01   6.3692090e-01  -7.9874088e-01   8.5069551e-01
   2.0000000e+00  -1.1689960e+00  -1.5881747e+00   1.7728914e+00   2.0218976e-01   1.0664023e+00   1.4214454e+00
   1.0000000e+00   9.5671553e-02  -4.5638538e-01  -8.3562839e-01   6.8056269e-01   5.6713111e-01  -1.8998121e+00
   2.0000000e+00  -7.1793333e-01  -8.4166538e-01  -2.2896019e-01   1.4100618e+00   1.2558021e+00   7.2490757e-01
   2.0000000e+00  -3.7358153e-01   2.1556499e-01  -1.0693731e-01  -1.3380441e+00  -1.5411660e+00  -1.9268775e-01
   1.0000000e+00   2.0086883e-01   5.3868637e-01   6.4270644e-01  -5.3405659e-01  -4.0578679e-01   4.3776428e-01
   2.0000000e+00   3.0732120e-01  -9.1690326e-01  -5.6142635e-01  -1.2058924e+00  -9.2255099e-01  -7.7800217e-02
   1.0000000e+00   4.7793461e-01  -9.3333694e-01   1.1355122e+00  -7.6561207e-02  -7.9550423e-01   1.6021022e+00
   2.0000000e+00  -4.1654510e-01  -4.7518849e-01  -7.2113914e-01  -2.2146892e-01   5.2697886e-01  -8.8463729e-02
   2.0000000e+00   3.5512775e-01   1.9536839e-01  -2.3952514e+00  -1.3554367e+00   1.7092387e+00  -8.8386792e-01
   2.0000000e+00  -4.2273323e-02  -1.0705548e+00   9.0621085e-01  -1.3861037e+00  -5.7265810e-01   1.3296473e+00
   2.0000000e+00  -1.0314323e+00   1.5461505e-01  -5.0383677e-01  -4.1559930e-01  -1.2761789e-01  -1.9396312e+00
   2.0000000e+00   7.0635597e-01   6.3516651e-01   2.8639439e-01  -1.6869029e+00  -2.1637367e-01  -8.5875128e-01
   2.0000000e+00  -4.7276892e-01   6.0957730e-01   5.0773988e-01  -1.8961571e+00  -3.6675818e-01   1.3083964e+00
   2.0000000e+00   5.0626099e-03   3.5354871e-02   2.0432953e-01  -2.4126621e+00   2.6052776e-01  -1.1528476e+00
   1.0000000e+00   1.3593882e-01  -2.2538680e-01  -6.7971089e-01   4.4958110e-01  -6.9869789e-01   5.6289443e-01
   2.0000000e+00   1.2520418e+00   8.9905833e-01   1.4150738e+00   9.1580409e-01   1.2863797e+00  -6.2708972e-01
   2.0000000e+00  -1.1773685e-01  -5.5425981e-01  -7.3948526e-01   8.2878716e-02  -8.8955551e-01  -7.9929554e-01
   1.0000000e+00   2.4065373e-02   9.7834712e-01   1.4393111e-01  -4.7870482e-01   1.4675273e+00   5.7755811e-01
   2.0000000e+00  -1.2211444e-01   1.0346652e-01  -1.4569408e-01  -1.4934691e+00   1.5300073e+00   1.4914317e-01
   2.0000000e+00  -1.9089965e-01   2.9739208e-03  -1.7790423e+00  -1.0173532e-01  -2.2950638e-02   1.4215044e+00
   2.0000000e+00   5.8047383e-01  -8.1181192e-02  -2.0584006e+00  -1.4436340e+00   1.1329729e+00   2.2616272e+00
   2.0000000e+00   1.2372541e+00   8.4531243e-01  -2.1444455e+00  -5.0593280e-01   3.6070488e-01  -2.4700053e-01
   1.0000000e+00   2.5535818e-01   3.4984872e-02   1.0655739e+00   2.8051431e-01   4.8647305e-01  -3.4506538e-01
   2.0000000e+00  -3.5806545e-02   1.3248223e+00  -9.1550200e-02  -1.5059614e+00   2.9200653e-01   1.0513386e+00
   1.0000000e+00   6.1723186e-01  -4.4994180e-01   8.5338234e-01   7.4798534e-01  -1.1843383e+00   3.7066219e-01
   2.0000000e+00  -8.3658239e-02   1.8863894e+00  -3.8376854e-01   2.1362063e-01  -6.3514197e-01  -7.9376295e-01
   2.0000000e+00   1.5090129e+00   1.2827714e-01   8.8873852e-01   7.9177226e-01  -1.2246870e-01  -5.9064769e-02
   2.0000000e+00   9.5432708e-01  -8.6343732e-01   3.3128837e+00   2.0479334e+00  -1.4992055e+00  -1.0325961e+00
   2.0000000e+00   2.2498519e-01  -6.1176609e-01  -7.7961604e-01   1.1095292e+00  -1.1728762e+00   2.0010970e+00
   2.0000000e+00  -3.3172160e-01  -9.5588498e-01  -3.7375963e-01  -2.4188230e-01  -8.4776610e-01  -4.1935228e-01
   2.0000000e+00  -2.5131591e+00  -1.4266871e+00  -1.6938256e+00  -5.7893347e-01  -2.1828912e-02  -1.4006378e-01
   2.0000000e+00  -1.4721689e-01   7.2028472e-01   6.0431819e-01   2.6025551e-01   3.7137949e-01   3.6489285e-01
   2.0000000e+00  -6.8249722e-01  -5.7068085e-01  -1.1045654e+00  -1.6293313e+00  -2.6330473e-01   8.2723460e-01
   2.0000000e+00   6.8119545e-01  -1.3311236e+00  -2.8205423e-01  -1.0303977e+00   1.0385088e+00  -7.6945808e-01
   1.0000000e+00   7.0143345e-01   1.6867795e+00  -4.3634215e-02  -1.8182415e-01  -3.2950373e-02  -1.2339501e-02
   2.0000000e+00  -6.9221412e-01  -2.4546164e+00   8.3778710e-01  -1.1559869e-02   3.8562101e-01  -7.8975805e-01
   2.0000000e+00  -1.3842227e+00   3.6170672e-01  -8.0048008e-01  -1.8934521e+00   8.7170208e-01   1.0695783e+00
   2.0000000e+00  -1.6340723e+00  -1.2663542e+00   5.0102669e-02  -4.4148398e-01   1.4127505e+00  -1.3337686e+00
   2.0000000e+00   6.4529063e-01   3.6223897e-01  -1.1302633e+00  -4.2048573e-01   2.6408850e+00  -5.0652385e-01
   2.0000000e+00   5.8746013e-01  -1.0485729e-01   1.6963474e+00  -1.1405287e+00  -1.9309115e-01  -1.2830726e-01
   1.0000000e+00   6.2088736e-01  -3.2038178e-01   4.9253104e-01  -6.7185511e-01  -5.1030583e-01   6.0751923e-01
   2.0000000e+00   1.1513312e+00  -2.9986774e-01  -1.7294211e+00   2.1761771e+00   9.6925108e-01  -1.7666017e-01
   2.0000000e+00  -2.5029863e+00  -2.9439990e-01  -3.0574940e-01   4.3483977e-01   5.9322416e-01  -2.3272946e-01
   1.0000000e+00   3.8871028e-01  -4.7757686e-01   8.0521455e-01  -2.1856483e-01  -1.0212280e-02  -5.1262996e-01
   2.0000000e+00   3.9321903e-01  -3.0185458e-01  -1.3889600e+00   2.4566994e+00   1.8275466e+00   2.9212887e-01
   1.0000000e+00   9.2677614e-01  -2.4672845e-01   1.0181372e+00   2.4304792e-01  -4.1918687e-01  -2.8094021e-01
   2.0000000e+00  -5.9216427e-01   1.7581658e-03   1.7394693e-01   1.5147446e+00   8.4742271e-01   3.4021498e-01
   2.0000000e+00   3.3404545e-01  -5.0313473e-01  -1.3624300e-01  -9.4442591e-01   1.3917186e+00  -1.2370311e+00
   2.0000000e+00   7.9614502e-01   9.2571312e-01   1.0859561e+00  -9.1040265e-01  -5.6211113e-01  -1.2104995e+00
   2.0000000e+00  -9.7028676e-02   2.7218206e-01  -2.7793366e-01  -8.9497570e-01  -1.3189353e-01  -3.3677323e-01
   2.0000000e+00   1.1557391e+00   1.8065151e+00   1.0026587e+00  -4.6576665e-01   9.7813004e-01   2.4318170e+00
   2.0000000e+00  -2.3598955e-02  -5.2636674e-02   7.4832907e-01   1.1574243e+00  -1.5473707e-01   7.8077165e-01
   2.0000000e+00  -9.8612028e-02  -1.5794764e-01  -6.3702452e-02  -3.5162218e-01   1.3765070e+00   1.4893517e+00
   2.0000000e+00  -4.7908803e-01  -5.2024807e-01  -2.2801764e-01  -7.6644011e-01   2.5548900e-01   2.1641260e-01
   2.0000000e+00  -6.4562130e-01   1.1395804e+00  -2.2649333e+00   7.0436254e-01  -2.0555294e+00   3.6386065e-01
   2.0000000e+00  -5.6748737e-01   2.3717395e-01   8.8320377e-01  -3.8740926e-01   1.7060660e-01  -4.5324612e-01
   2.0000000e+00  -3.1790167e-01  -5.2319958e-01  -3.2750616e-01   8.2961221e-01   8.3068954e-01  -4.1059974e-01
   2.0000000e+00   1.0003122e+00  -4.5278027e-01  -1.0572526e+00  -1.1448334e-01   2.0228906e-01   8.8927791e-01
   1.0000000e+00   1.2943539e-01  -2.1479355e-01   2.3908793e+00  -8.7310510e-02   2.4094075e-01   4.0185767e-01
   2.0000000e+00   1.3670662e+00  -4.4215201e-01  -4.4227442e-01   4.5135805e-01  -3.7794341e-01   2.4022994e+00
   2.0000000e+00  -9.9769981e-01   2.0021813e+00  -2.7044761e-01  -1.3456839e+00  -8.4670748e-02   8.2293785e-01
   2.0000000e+00  -7.2498668e-02  -5.4918184e-02   2.9124464e-01   4.7297019e-01   9.6867514e-01  -1.6725415e+00
   1.0000000e+00   4.8798044e-01  -9.6124175e-01  -5.0773496e-01  -5.9298341e-01  -2.7388332e-01  -2.9849717e-01
   2.0000000e+00  -8.1091492e-01   5.3679932e-02  -6.2789110e-01  -1.9258776e-01   1.1063084e+00   8.4203157e-02
   2.0000000e+00  -2.8324237e-01  -2.5408810e-01   3.0500087e-01   1.2255433e+00  -3.4144970e-01  -7.5344535e-01
   1.0000000e+00   4.2712540e-01   1.4076131e+00   2.0635655e-01  -3.5557041e-01   1.1803140e+00  -3.4650508e-01
   2.0000000e+00   1.0981251e+00   1.3045121e+00   3.8018176e-01   6.1564499e-01   1.7564465e+00  -4.1529705e-01
   2.0000000e+00   9.8845751e-01   5.3812838e-01  -1.3650043e-01  -3.9268017e-01   2.3831014e-01  -1.3644811e+00
   1.0000000e+00   7.4762824e-02  -1.1587651e+00  -7.3096805e-01   2.4513110e-01  -1.1832050e-02   7.5175559e-01
   1.0000000e+00   3.1489980e-01   6.5298241e-01  -1.8160121e+00   5.0809809e-01   1.1470241e+00   1.1649194e+00
   2.0000000e+00  -1.4010117e+00   9.2811834e-01   8.2652354e-01  -1.7807824e+00   1.7499486e+00   1.5584707e+00
   2.0000000e+00   8.4095893e-01   1.6995856e+00  -2.0136061e-01  -8.0595193e-01  -7.2547046e-01   1.0776741e+00
   2.0000000e+00  -2.0393894e-01   1.2311448e+00  -9.1044051e-01   6.2814921e-01   1.3799131e-01   9.7503865e-01
   2.0000000e+00  -8.2278744e-01   6.9808782e-01   7.5819787e-01  -4.9638044e-02   1.3652625e+00  -1.3018238e+00
   2.0000000e+00   1.5275646e-01  -7.3704645e-01   5.5632032e-01  -1.9734122e+00   1.3352151e+00  -1.0402601e+00
   2.0000000e+00   1.6807626e+00   8.8940184e-03   1.5679323e-01   5.7508580e-01   7.5925927e-02  -4.8435833e-01
   2.0000000e+00  -1.2103962e+00   1.5781065e+00  -3.7705803e-01   1.4743413e+00   3.4048578e-01   1.3602841e+00
   2.0000000e+00  -2.6800961e+00  -1.2858766e+00   2.4957157e-01  -1.1601083e+00   2.0927803e+00  -2.5668842e-01
   1.0000000e+00   2.8917380e-03  -7.6913026e-01  -1.5495187e-01   4.0570598e-01  -6.5872634e-01   6.9701575e-01
   2.0000000e+00   1.0351064e+00   3.4277028e-01  -1.1263815e+00  -1.7710613e-01  -1.0488832e+00  -2.0048980e-01
   2.0000000e+00  -1.3301634e+00   6.9268843e-01   3.4724180e-01  -7.8881193e-02   1.4053621e+00   1.0734709e+00
   1.0000000e+00   2.0696012e-02  -6.6477245e-01  -1.3248475e+00   4.2986128e-01   7.4320458e-01  -8.2840605e-01
   2.0000000e+00   1.6681557e+00  -1.7068841e+00  -7.1525185e-01   1.5827368e+00  -1.1704872e-01  -1.0513133e+00
   2.0000000e+00   1.0131935e+00   4.9878164e-02   1.8609013e+00  -8.1516356e-01  -6.3277907e-01  -7.6310940e-01
   2.0000000e+00  -1.0561108e+00   3.6775616e-01   5.2698793e-01  -8.0272529e-01  -4.0971058e-01  -9.9644978e-01
   2.0000000e+00   9.2417116e-01  -4.9278377e-01   1.3071691e+00  -1.5936302e+00   5.8971918e-01   8.6867625e-01
   2.0000000e+00  -4.4808153e-01  -4.0876390e-01   7.7377993e-01   6.0163738e-02  -1.1293860e+00  -2.7220439e-01
   2.0000000e+00  -1.4607194e+00   1.0939104e+00  -6.0942261e-01   1.6218132e+00  -1.1334174e+00  -8.1617057e-01
   2.0000000e+00   6.4700822e-01   9.5003459e-01   7.2108591e-01  -1.0096349e+00   9.7392941e-02   9.5477506e-01
   2.0000000e+00  -1.4475552e+00  -5.6888320e-01  -1.1797096e+00   1.3286002e+00   1.4989314e-01  -1.7499095e+00
   1.0000000e+00   3.1700485e-01   5.4004797e-01   6.0790126e-01   3.4054799e-01  -2.1235839e-01   6.6588885e-01
   2.0000000e+00  -1.0214679e+00   5.1186130e-01  -1.5151232e+00  -1.2463104e+00  -8.0583410e-01   3.1117481e-01
   1.0000000e+00   2.8942719e-02  -2.6781702e-01  -1.6255064e-02   1.9855249e-01   3.6630159e-01   1.1961939e-01
   1.0000000e+00   3.9677919e-01  -7.7986732e-02  -6.1940108e-01   4.3302414e-01  -1.9446771e+00   1.3776017e+00
   2.0000000e+00  -6.8659059e-02   8.2514459e-01  -1.6176633e+00  -8.2274778e-01  -1.0058563e+00   7.7162153e-01
   2.0000000e+00   1.8775276e+00   8.2879123e-01   6.9421287e-02  -2.4272248e+00  -1.1990765e-01  -1.1895474e+00
   1.0000000e+00   1.9170379e-01   2.3469181e+00  -1.0931158e+00  -6.6004411e-01  -1.0604814e-01  -6.2334902e-01
   2.0000000e+00   1.5050734e+00   5.4712925e-01  -2.1223491e+00   2.7878052e-02   1.1846745e+00  -1.9048575e-01
   2.0000000e+00  -1.1552278e+00   1.0801843e+00  -5.4562290e-01   8.1015263e-01  -4.0879770e-01  -1.6412420e+00
   1.0000000e+00   7.9427477e-01  -1.6184755e+00   3.8668486e-01   4.3790571e-01   8.1967984e-01  -3.3958866e-02
   2.0000000e+00  -1.0334570e+00  -7.0859863e-01   5.0756017e-01  -6.3758215e-01  -1.1737870e+00   1.1981510e+00
   2.0000000e+00  -5.5722319e-01   4.0476542e-01  -3.8602081e-01   3.4545206e-01  -4.4962193e-01   2.4162323e-01
   1.0000000e+00   4.4432472e-01   9.2221239e-01   1.2499025e-01  -1.1468001e-01   1.2684975e+00   1.1875877e+00
   2.0000000e+00   2.3931504e-01   1.8020772e+00   4.2198688e-01   1.0867560e+00   7.0644849e-01  -4.6433631e-01
   1.0000000e+00   8.6439296e-01  -7.3309267e-01   1.0236381e+00  -3.6128295e-01   3.8528863e-01  -1.0609131e+00
   2.0000000e+00   2.7907299e-01   6.8984260e-01   1.2537139e+00   1.3714756e+00   7.9490968e-01  -9.8900287e-01
   2.0000000e+00  -3.2825451e-01  -5.3828800e-01   5.7307848e-01  -5.3909872e-01   7.8867905e-01  -3.1481011e-01
   2.0000000e+00  -1.0049622e+00  -1.5876243e+00   8.1693012e-01  -2.0969863e+00   1.4188016e-01  -2.2547477e-01
   2.0000000e+00   1.2221735e+00   1.9477307e-01  -1.2309630e+00   2.5020787e-01   3.2791631e-01  -1.1542093e+00
   1.0000000e+00   5.4712006e-01  -2.2140490e-01  -1.3766071e-01  -5.1740686e-01   4.0531088e-01  -1.1198287e+00
   1.0000000e+00   2.2853687e-01   2.9813574e-01  -5.9762964e-01  -5.8089682e-01  -8.3321180e-02  -7.4327631e-02
   1.0000000e+00   4.7414157e-01   3.2036212e-02  -1.7184380e+00   8.6207559e-01  -1.4654216e+00  -9.8345103e-01
   2.0000000e+00   9.3621418e-01   5.0091292e-01  -7.0406169e-01   1.0451458e+00   2.0926280e+00   7.8830482e-01
   1.0000000e+00   4.3670418e-01  -8.5199276e-01   1.5646491e-01   2.7612397e-01   3.5884330e-01  -3.8777729e-01
   1.0000000e+00   5.7263513e-02   1.1610042e+00  -9.7609969e-01   8.0767517e-02  -1.3901467e+00  -1.6943281e+00
   2.0000000e+00   9.7611573e-01   2.6576171e-01   6.7283403e-01   1.2860594e+00   1.3691236e+00   5.8101362e-01
   2.0000000e+00  -1.0531810e-01  -1.0865264e+00  -2.0325844e-01   1.3782753e+00  -6.4109648e-01  -3.4494414e-01
   2.0000000e+00   1.7623314e+00  -4.7454030e-01   2.8204285e-01   4.1210922e-02   7.4268486e-01   5.7279089e-01
   2.0000000e+00  -7.2881610e-01   1.1504874e+00  -1.0331952e+00  -7.1244326e-03   1.2463100e+00  -1.3856891e+00
   2.0000000e+00   1.1469394e+00   1.3118891e-01   1.3841738e+00  -7.3248888e-01  -1.6827232e-01  -1.1178850e+00
   2.0000000e+00  -8.3828968e-01   8.7686200e-01  -9.2127940e-01   4.0022525e-01   6.2174924e-02   6.5028826e-01
   2.0000000e+00   1.1829267e+00   6.5772905e-01   7.0231467e-01   4.6044915e-01   3.2708053e-01  -1.7777078e+00
   2.0000000e+00  -1.1133167e+00   1.8441829e+00  -2.0707584e+00   3.0945476e-01   9.5680617e-01  -3.0358304e-01
   2.0000000e+00   1.6555441e+00   1.2377792e-01  -1.9726763e-01   1.1848886e+00  -1.6759234e+00  -1.8625766e-01
   2.0000000e+00   3.4227404e-01   8.2216736e-01  -7.5586217e-01   4.4331582e-01  -2.1034214e+00  -1.4063821e+00
   2.0000000e+00  -5.6901413e-03  -1.6961567e-02  -3.8094024e-02   2.1359224e-01   1.0335638e-01  -2.6089218e-01
   2.0000000e+00  -7.9367750e-01   7.0739186e-01   4.2800661e-01   9.1192949e-02  -1.0166119e-01   4.9353219e-01
   2.0000000e+00  -1.1516282e+00  -1.6660753e+00  -1.4651259e+00  -6.9784467e-01  -7.6489248e-01   1.0694070e+00
   2.0000000e+00   1.0120377e+00  -9.4461828e-02   9.9988176e-01   5.0968750e-01   2.3572595e-01  -1.4931860e+00
   2.0000000e+00  -1.7316969e+00  -3.8060389e-01  -1.0143022e+00   1.0831335e+00  -1.0019521e+00   1.1750521e+00
   2.0000000e+00  -1.1013402e+00  -3.1550160e-03   5.7532936e-01   3.5342771e-01   1.1378152e-01   8.2499652e-01
   2.0000000e+00  -1.2583393e+00  -1.2486100e+00  -1.1894377e+00  -8.0456128e-01  -4.5352791e-01   9.5805484e-01
   2.0000000e+00  -1.6810684e+00   3.2883743e-01  -1.6321616e+00  -5.4432528e-01  -4.8656535e-02  -6.0593134e-01
   2.0000000e+00  -2.6209442e-01   6.9508087e-01   3.2618496e-02  -8.6819350e-01  -3.2021892e-01  -4.0473322e-01
   1.0000000e+00   3.4558423e-01  -7.0205866e-01   7.8064128e-01  -3.0884554e-01   4.2734340e-01   7.5134514e-02
   1.0000000e+00   1.8576986e-01  -6.0211503e-01  -8.2461712e-01   4.0560981e-01  -7.7547225e-01   8.9643301e-01
   2.0000000e+00  -1.6867608e+00   8.6129071e-01  -8.3839479e-01  -4.3168071e-02  -1.1815852e-01  -1.3216778e+00
   2.0000000e+00   2.9849708e-01   9.9621181e-01   2.3846143e-01  -1.3259691e+00  -6.8719662e-01  -2.0101816e+00
   2.0000000e+00  -9.1035881e-01   5.8098113e-05  -2.5099354e-01  -5.6675214e-01  -1.4258867e-01  -2.0745940e-01
   1.0000000e+00   4.5623895e-01  -2.5095253e+00  -8.7554632e-01   2.1208372e-01   1.6548602e+00  -7.8915671e-01
   2.0000000e+00  -1.3567408e+00   1.5966717e-01  -1.4286296e+00  -1.4741330e+00   2.3879930e-01   7.5564503e-01
   2.0000000e+00  -7.2662261e-01  -2.8392300e-02  -2.7390847e-03  -1.0997678e+00   3.3654735e-01  -1.0953850e+00
   1.0000000e+00   1.2807126e-01   2.0450215e-01   8.5823380e-01   3.0150812e-02   2.8596224e-01   8.4764736e-02
   2.0000000e+00  -3.9715298e-01  -4.5170936e-01  -5.5994765e-03   6.1540730e-01   1.9040607e-01   1.5932612e+00
   2.0000000e+00  -2.8989217e-01   7.4095348e-01  -2.2427462e-01  -1.0754212e+00   2.5446745e-01  -8.3244589e-02
   2.0000000e+00  -8.3769664e-01   4.5731015e-01  -2.2358721e+00   5.7758655e-01  -7.5311875e-01   4.2283677e-01
   2.0000000e+00  -1.0127950e+00  -3.1546182e-01   8.1126134e-02   1.6568976e+00  -4.8508245e-01   9.4810948e-01
   2.0000000e+00  -1.2805974e+00   1.3569458e+00  -1.2050656e+00  -3.5404778e-01   8.1527639e-01  -7.4345265e-01
   2.0000000e+00   5.5930806e-01  -9.8362379e-01  -1.3224337e+00  -1.1756360e+00   1.9503271e-01   1.1722885e+00
   2.0000000e+00   1.3739505e+00   8.7704199e-01   6.9433771e-01   4.7794947e-01   9.2214920e-01   6.3220323e-01
   2.0000000e+00  -8.1753457e-01   1.3988826e-01   2.9617626e+00  -1.3379004e+00   2.0422114e+00   8.1244775e-01
   2.0000000e+00   1.6980943e-01  -4.0233913e-01  -5.7013483e-01  -2.3749260e+00  -1.6657122e+00   6.2286771e-03
   2.0000000e+00  -1.8157392e+00   8.0876036e-01   4.0955564e-01  -5.4288714e-01   5.6171588e-01  -1.3287512e+00
   2.0000000e+00   9.7609243e-01  -1.9570524e-01  -9.3026342e-01  -1.6397359e+00  -1.8040796e+00   9.0259284e-01
   2.0000000e+00  -7.2438796e-01   1.4927549e+00  -1.5422312e+00   1.9919872e-01   3.0607915e-01   1.8545988e-01
   1.0000000e+00   5.4222849e-01   1.3673913e+00   1.0605640e+00   6.0522619e-01  -9.2191465e-01  -1.6271609e+00
   2.0000000e+00   1.7514333e+00   7.6001310e-01  -1.0543833e-01  -3.9919303e-01   7.1438541e-01   2.3818478e-01
   2.0000000e+00  -5.6960442e-01  -1.0487313e+00  -4.9230499e-01   1.1522298e+00  -4.0302654e-02   5.0513093e-02
   2.0000000e+00  -6.5384011e-01   1.2697273e+00   1.2380359e+00  -2.9157818e-01  -1.6301997e-01  -1.1798476e+00
   2.0000000e+00   2.9123558e-01   4.6160994e-01  -1.5645998e-01   9.6440589e-01   2.0342741e-01   7.1933732e-01
   2.0000000e+00   1.5912842e+00  -8.8405137e-01   4.3523039e-01   3.5037215e-01   1.2338671e+00  -6.1299841e-01
   2.0000000e+00   1.0999448e+00  -4.9389433e-01   1.9130908e-01   2.2457559e+00   1.2510966e+00   1.8664377e+00
   1.0000000e+00   6.7145660e-02  -1.4259941e-01   2.7813531e+00   9.3555523e-02  -7.3677030e-01   2.9915342e+00
   2.0000000e+00   1.0562733e+00  -2.7759649e+00   5.0483497e-01   1.2511540e+00  -3.0720052e-01   3.3547380e-01
   2.0000000e+00  -1.9003560e-01  -6.5926589e-01  -1.5046230e+00  -4.8570039e-01  -1.8050381e+00   3.7656707e+00
   2.0000000e+00   1.4185484e-01   2.6906660e-02   2.7365164e-01  -1.2251265e+00  -4.9687594e-01   1.9653145e-02
   1.0000000e+00   8.6309866e-02   5.3238595e-02  -7.2903619e-01  -7.6168838e-01  -3.8349512e-02   1.0856771e+00
   2.0000000e+00   1.5226069e+00   1.4270135e+00   1.0088523e+00  -1.2222929e+00  -1.0241251e+00   4.4837730e-01
   2.0000000e+00   4.9343164e-01   6.0940753e-01   1.7481479e-01  -8.9258322e-01   6.7825141e-01  -9.0563568e-01
   2.0000000e+00  -3.1003928e-01  -1.0487875e+00  -4.1614658e-01   6.6247169e-02   1.8588821e+00   6.7378683e-01
   2.0000000e+00  -8.7826615e-01  -6.4157270e-01  -6.8770894e-01   1.0364773e-01   5.0990831e-01  -5.0939828e-01
   1.0000000e+00   1.6043683e-01   1.6660037e-01   2.8712300e-02  -6.3322957e-02  -1.4723558e-01   1.0900037e+00
   2.0000000e+00  -8.6277687e-01  -5.9209851e-01   1.5993010e+00   1.1664276e-01  -1.6393526e+00   1.2676170e+00
   2.0000000e+00   1.8696976e+00   2.9272144e-02   3.4816376e-01  -1.1151921e+00  -1.8842957e+00   5.6008150e-02
   1.0000000e+00   4.6808735e-03  -4.8583851e-02   3.9502723e-01   5.5020528e-01   1.1635687e+00  -5.4478086e-01
   2.0000000e+00  -2.9492274e-01   3.7287715e-01  -7.8280058e-01   7.7925053e-01   1.4473518e+00  -1.6013448e+00
   2.0000000e+00   1.0907031e+00  -4.6978982e-01  -4.9702135e-01  -9.0727953e-01  -1.3732503e+00  -1.1539787e+00
   2.0000000e+00  -3.6654533e-01  -1.0505980e+00   1.6015206e-01   1.7007295e-01   1.3999518e+00  -6.6131079e-01
   2.0000000e+00   4.7869549e-01  -5.5223332e-01   5.0446045e-01   1.6919706e+00  -1.5642680e+00  -1.3302181e+00
   2.0000000e+00   1.1852061e+00   6.8289811e-01  -4.7537517e-01  -1.4874407e+00   2.2620144e-03   9.2652040e-01
   2.0000000e+00  -2.5190668e-01  -1.6095971e+00  -1.8755673e+00   9.9423268e-01  -2.8498249e-01  -9.1490782e-01
   2.0000000e+00   1.1381913e+00  -7.9205213e-01   1.0763878e+00  -4.6952122e-02   1.3624738e-02   1.6121166e-01
   2.0000000e+00  -2.2939632e-01  -8.0902209e-01  -2.3179112e+00  -5.2550092e-02  -8.0620778e-01  -6.1367748e-01
   2.0000000e+00  -4.5134487e-01  -8.5068870e-01   1.2089558e+00   9.5430962e-01   1.3227243e+00   4.7890155e-01
   2.0000000e+00  -4.1748648e-01   2.5797173e-02   1.1746846e+00  -1.7920704e-01  -1.0280565e+00   7.5352460e-01
   2.0000000e+00  -9.1161934e-01   4.9920439e-02  -3.5070413e-01   6.2303442e-01   4.3645669e-01   7.2966326e-01
   2.0000000e+00   2.2895304e-01   1.2426790e+00   7.0502981e-01   1.1358410e+00  -8.8583769e-01  -1.3377637e+00
   1.0000000e+00   6.7420542e-01   2.7837732e-01   3.6463316e-01  -1.4344409e-01  -6.7141765e-01   3.2692769e-01
   2.0000000e+00  -4.0143663e-01   2.5185821e-01   4.1614028e-01  -9.1989132e-01  -4.6279492e-01   1.2254152e+00
   2.0000000e+00   3.1886350e-01  -1.2635883e+00   4.5925513e-02  -1.1990401e+00   1.9947268e+00   7.9381471e-03
   2.0000000e+00  -8.7939628e-01  -1.9437693e+00   2.3669181e+00  -8.3013705e-01  -1.7962064e-02   5.3833818e-01
   2.0000000e+00  -7.2080455e-01   1.4540199e+00  -2.0884340e+00   2.5072491e-02  -2.1262247e+00  -1.2152602e+00
   2.0000000e+00  -3.6441597e-01   6.9815437e-01  -2.2224950e-01  -7.0256236e-01  -2.5519562e-01  -9.5973070e-01
   2.0000000e+00   1.1456243e+00   5.3394009e-01   6.2119491e-01   1.7300565e+00   4.2268618e-01  -6.0021999e-01
   2.0000000e+00  -8.2513209e-01   2.9876595e-01  -2.0814977e-01  -1.8865554e-01   4.9879374e-01  -1.5269217e-01
   1.0000000e+00   4.8303374e-01   6.7928590e-01   1.8277354e-01   3.4968783e-01   1.1801454e+00  -5.6350888e-01
   1.0000000e+00   1.8377361e-01  -3.9094075e-01  -6.4705499e-01   5.9177310e-01  -1.2638715e+00  -6.5999321e-01
   2.0000000e+00   8.0514651e-01  -1.1545886e+00   8.9093956e-01  -7.2615967e-01   5.8950645e-02   2.0705602e+00
   2.0000000e+00   3.4605395e-01  -1.0210482e+00  -1.9819247e+00   2.3185380e+00   6.7698401e-01  -2.0610243e+00
   1.0000000e+00   1.8676101e-01   4.4757744e-01  -1.5429977e+00  -7.1819274e-01  -5.0075948e-01  -5.7068163e-02
   2.0000000e+00   4.0817378e-02  -2.0361948e-01  -6.7893021e-01   1.3756161e+00  -7.1604222e-01   1.2414119e+00
   1.0000000e+00   7.0605266e-01  -3.3652851e-01   5.0046360e-01   7.0612211e-01   1.3204516e+00   4.9046389e-01
   2.0000000e+00  -1.1991666e-01   1.0198775e+00  -1.8653042e-02  -4.9760982e-01  -2.6285625e-01   9.9335363e-01
   1.0000000e+00   2.6412467e-01  -6.0423784e-01  -1.3778188e+00   7.0532055e-01  -5.7537806e-01  -1.6253871e+00
   2.0000000e+00  -7.1647615e-01  -6.9198383e-01   7.8150600e-01  -8.1639894e-01  -1.9102040e+00  -2.5012772e-01
   2.0000000e+00   7.0092771e-01   1.4300935e+00   1.2494290e-01   8.0148301e-01   4.1292928e-01  -4.9838402e-01
   2.0000000e+00   1.3097850e+00  -1.4224493e+00   2.0829330e+00  -4.4390190e-01   2.0853957e-01  -6.7820353e-01
   2.0000000e+00  -8.5731553e-02   3.3566615e-01   1.5324124e+00  -2.0887509e+00  -1.6780668e+00  -7.1419032e-01
   1.0000000e+00   4.2620318e-01  -5.3296084e-01  -1.6560931e+00   1.0965320e-01   1.1320724e+00  -6.5914212e-01
   1.0000000e+00   3.7197492e-01   7.9070641e-01  -3.9563016e-01   2.1745618e-01   8.3639207e-01  -8.8373534e-01
   1.0000000e+00   3.1727934e-01  -1.0387396e+00   9.6480319e-02  -6.4088922e-01  -2.7895801e-01   1.8129484e-02
   2.0000000e+00   2.7451743e-01   1.3247854e-01  -2.2799189e+00  -1.0878023e+00   4.5701042e-02  -3.0136592e-01
   1.0000000e+00   3.7849227e-01  -7.0756303e-01  -4.5632954e-01   5.6733538e-01   2.3125324e-01  -5.4914110e-01
   2.0000000e+00  -1.8342731e-01  -7.3342383e-02   7.5037192e-01  -6.5795481e-01   1.6979508e-01  -5.4674684e-01
   2.0000000e+00  -1.4639967e+00  -1.1147857e+00   8.3931421e-01   2.8355632e-01   7.2767246e-01   1.1293250e+00
   2.0000000e+00  -1.1519436e+00   2.0387493e-01  -8.7149842e-02   6.7165030e-01  -3.9429354e-01  -5.7218292e-01
   2.0000000e+00   1.1933468e+00  -8.4879454e-01   1.9268837e-01   2.9276148e-01   3.9336503e-01  -1.0352072e-01
   1.0000000e+00   4.1566015e-01   5.8330242e-01  -5.7994392e-02  -2.3003975e-01  -1.0701382e+00  -1.8763092e+00
   2.0000000e+00   2.2350861e+00   7.3604290e-01  -1.3163965e-01  -8.4187687e-01   1.6409988e+00  -9.0997624e-01
   2.0000000e+00  -3.0718201e+00   1.3522651e-01  -1.5173020e+00   5.0807097e-01   9.7075635e-01   4.6279860e-01
   2.0000000e+00  -3.6643911e-02  -5.6272545e-01  -1.0827850e+00  -1.0434346e+00   1.5674496e+00  -1.4474847e-01
   1.0000000e+00   6.8128049e-01  -3.5020867e-01  -2.5638373e-02  -1.5192905e-01   1.8984855e-01   7.4119977e-01
   2.0000000e+00  -7.9742293e-01  -8.0491072e-01   1.9099644e+00  -5.4433075e-01  -1.0053457e+00  -1.6882734e+00
   2.0000000e+00   2.2661362e+00  -1.1938958e+00   9.9065135e-01  -4.3755616e-01   1.3326042e-01  -1.2704852e+00
   2.0000000e+00  -2.5009792e-01   1.1831120e+00  -7.9514128e-01  -1.4812508e+00  -9.7361247e-01  -7.6558063e-02
   2.0000000e+00  -2.8269238e-01  -1.6091779e+00  -1.2362234e+00  -1.5475774e-01   1.2509149e+00   5.6661626e-01
   2.0000000e+00  -2.0469048e-01  -1.4423302e+00  -5.6698075e-01  -1.6051876e+00   5.3523472e-01   2.2883944e+00
   2.0000000e+00   6.7769569e-01  -1.1770761e+00   8.1210664e-01   1.0003393e+00  -2.2574274e+00  -1.2198126e+00
   2.0000000e+00   1.3934196e-01  -5.6247100e-01  -1.7173088e-01  -1.3152277e+00  -2.3427494e+00   9.0136064e-01
   2.0000000e+00  -1.5695125e+00  -1.6785317e+00  -1.2190069e+00  -3.2125343e-02  -1.1329123e-01  -1.5409886e-01
   2.0000000e+00   1.9825212e+00  -5.2900974e-01   1.2739109e+00   2.8176573e-01   1.4610526e-01   9.5682636e-01
   2.0000000e+00   4.7381815e-01   1.2081787e-01   1.2889201e+00   1.1537590e-01  -2.1332082e+00   4.0339473e-01
   2.0000000e+00   8.6857199e-02   3.2661088e-01  -1.9870847e+00  -1.4689979e+00   3.9698294e-01   2.8334878e-01
   1.0000000e+00   5.0412062e-01  -6.3061040e-01   1.6492531e-01  -4.0700457e-01   4.3238808e-01  -2.4435806e-02
   2.0000000e+00   2.6179260e-01   3.6833527e-01   1.9313124e-01  -1.3335562e+00   2.7144675e-01  -8.5091813e-01
   2.0000000e+00  -5.1440918e-01  -1.4260007e+00   5.8387102e-01   1.3374171e+00  -4.6059812e-01   1.7860356e+00
   2.0000000e+00   3.4960190e-01   7.0097696e-01  -9.5754853e-02  -1.7657619e+00   2.7270860e-01   5.9262222e-01
   2.0000000e+00  -8.4051240e-02  -8.5765503e-01  -6.8670175e-01   1.3932827e+00   6.9356848e-01   6.9107678e-01
   1.0000000e+00   1.6857174e-01   1.3260173e+00  -2.0547168e-01   6.0583133e-01   1.1148363e+00  -2.5959872e-01
   1.0000000e+00   4.5476381e-01  -1.3066500e+00   5.2931419e-01   7.7371569e-01   1.7332910e+00  -4.5647326e-01
   2.0000000e+00  -1.3175784e+00   3.7781390e-01  -4.2196466e-01  -2.7980851e-02  -7.2905248e-01   1.1555700e+00
   2.0000000e+00   1.0900948e+00  -6.4073570e-01   1.1123518e+00  -2.4802419e-03   8.6470980e-01  -3.5180185e-01
   2.0000000e+00  -1.6636596e+00   1.3524256e-01   5.2454156e-01  -1.5378335e+00   3.5814712e-01  -2.0145926e+00
   2.0000000e+00   4.1424059e-01  -2.1837265e-01  -1.1824786e+00  -1.9077659e+00  -1.7045250e-01  -8.2163729e-01
   2.0000000e+00  -9.3413017e-01   6.4132430e-01   1.4941077e+00  -6.2002986e-01   4.7153262e-01  -2.8019247e+00
   2.0000000e+00   1.1147539e+00   3.7040267e-01   8.6817003e-01  -9.0106433e-01   1.0919430e+00   1.9272670e-01
   1.0000000e+00   5.0529420e-01   7.9208157e-01  -6.7340146e-01  -6.3032840e-01  -1.8238064e-01   2.5100956e+00
   2.0000000e+00   7.7854354e-01  -6.0893188e-01   1.3881813e-02  -1.4409435e+00   7.3772653e-01  -1.9255126e+00
   1.0000000e+00   3.0877269e-01   7.3099235e-01  -6.1532662e-02  -2.4007037e-01  -4.4276793e-01  -1.0449666e+00
   2.0000000e+00   8.4322884e-01   1.0319673e+00   5.4352255e-01  -3.7170291e-01  -2.1284049e+00   7.5985316e-01
   2.0000000e+00  -6.7749495e-01  -8.3106023e-01  -1.5503029e+00  -6.0581755e-01  -1.0976188e+00  -1.7170147e-01
   2.0000000e+00   4.4667056e-01  -6.5842599e-01  -5.7911697e-01   6.3181587e-01  -2.8244625e+00   6.3671159e-01
   2.0000000e+00   7.1161766e-01  -4.3647020e-01  -3.1637765e-01   1.5960447e+00  -8.5498907e-01   1.2977319e+00
   1.0000000e+00   7.8100452e-01  -1.7889267e-01  -4.7579885e-01  -1.1648110e-01  -1.3640551e+00  -1.2959816e+00
   2.0000000e+00   1.8271329e+00   8.7754932e-01   1.3689897e+00  -1.3613107e+00   4.6198833e-02  -6.4503558e-01
   2.0000000e+00  -1.6734035e-02  -1.2084913e+00   9.6874567e-02   1.0221823e+00  -2.8645844e-02   3.1224260e-01
   1.0000000e+00   2.5029874e-01   1.8425077e-01  -7.7076809e-01  -9.6565458e-01  -2.0697539e-01  -5.0080471e-01
   1.0000000e+00   1.4793863e-01  -1.1520417e-01  -1.4224324e+00  -3.2953934e-01   1.0379143e-01   3.4731923e-01
   2.0000000e+00  -6.8637873e-01  -8.2681997e-01  -1.7100873e+00   1.6459752e+00   1.9783482e-01  -2.6126646e-02
   2.0000000e+00  -2.9879537e-01  -4.3852722e-01   5.9655170e-01  -1.3033773e+00  -1.1805065e+00  -1.1175233e+00
   2.0000000e+00   1.6740704e+00  -7.0642699e-01  -1.0097042e+00  -2.7959467e-02   5.2122149e-01   1.6557568e+00
   2.0000000e+00  -3.1539236e-01   1.0673618e+00  -5.0880800e-01  -1.1352069e-01  -1.4855560e+00  -1.0211233e+00
   2.0000000e+00   8.3273567e-01   4.5257707e-01   6.7973275e-02  -6.6475590e-01  -1.4035444e+00  -3.6716951e-01
   2.0000000e+00  -3.2740651e-01  -1.0382036e+00   2.9926324e-01   1.2995654e+00  -9.7986944e-01  -1.6650217e+00
   2.0000000e+00  -2.9321868e-01   1.3164239e+00   1.5510453e+00  -3.4700104e-01  -4.0134885e-01   8.0072498e-01
   2.0000000e+00  -1.1995149e+00   3.1480296e-01  -5.0132618e-01   3.9490805e+00   1.4205970e+00   7.2111954e-01
   2.0000000e+00   6.5636374e-01   2.1564403e+00  -8.3828852e-02  -7.8121832e-01   1.8242762e+00  -1.3926552e+00
   2.0000000e+00   1.6378536e+00   5.6255732e-01  -1.7908680e-03  -1.3676994e-01   6.5119705e-01  -7.7646595e-01
   1.0000000e+00   2.8394187e-01  -7.5760559e-01  -9.9184054e-02   1.8948655e-01  -2.5627953e-01  -7.1184227e-01
   2.0000000e+00  -4.5998107e-01   7.5449621e-01   1.4256791e+00  -1.2395894e+00  -8.5658146e-02  -3.9023284e-02
   1.0000000e+00   9.6478722e-02   1.0444040e+00   4.6449049e-01  -6.8641850e-01  -3.7430940e-01  -7.3306316e-01
   2.0000000e+00   2.8147629e+00  -4.2003418e-01   1.0829597e+00   2.6950711e+00   1.3487529e-01   1.9319604e-01
   2.0000000e+00  -4.3517064e-01   1.0779890e+00  -1.7305647e+00  -6.9252039e-01  -9.7886516e-01  -5.3556053e-01
   1.0000000e+00   2.9658063e-01  -8.9554223e-01  -3.3192313e-01   4.8519201e-01   5.1102218e-01   7.7067154e-01
   1.0000000e+00   5.6477704e-01   1.7136230e+00   2.8811516e-01  -7.3334086e-01  -1.5821675e+00   5.5436715e-01
